0.0 1.1 3.1077902624e-6 3.1077902624e-6 -1.18e-30
0.0 1.5 1.34631179132e-5 1.34631179132e-5 3.94e-31
0.0 3.0 5.88993909724e-6 5.88993909724e-6 -9.86e-32
0.0 10.0 3.12696632675e-7 3.12696632675e-7 3.94e-31
peak 9.550928077943869 1.5918213463239783
eta 0.0571909584179366341322075171937
g_isco 0.707106781186547524400844362105
0.5 1.1 1.05128814476e-5 1.05128814476e-5 -5.03e-30
0.5 1.5 4.23161953984e-5 4.23161953984e-5 1.97e-31
0.5 3.0 1.72720143496e-5 1.72720143496e-5 -1.97e-31
0.5 10.0 8.87565055913e-7 8.87565055913e-7 3.94e-31
peak 6.615087610029337 1.562741237190457
eta 0.0821179933392242605172436980641
g_isco 0.602664534741557531818426611983
0.9 1.1 0.000105964009975 0.000105964009975 -2.53e-29
0.9 1.5 0.000339008259231 0.000339008259231 -2.37e-30
0.9 3.0 0.000113406224848 0.000113406224848 -1.28e-30
0.9 10.0 5.33645187677e-6 5.33645187677e-6 -5.92e-31
peak 3.4418433623575275 1.4829887161158577
eta 0.15575299199446401047057073782
g_isco 0.370867944398645892729421615764
0.998 1.1 0.00302740945956 0.00302740945956 -1.4e-29
0.998 1.5 0.00408517368239 0.00408517368239 -6.02e-30
0.998 3.0 0.000838338409176 0.000838338409176 -2.07e-30
0.998 10.0 3.39761889592e-5 3.39761889592e-5 -1.28e-30
peak 1.5811845813885383 1.2782716993109309
eta 0.320994165616198874374746043834
g_isco 0.0926703083653686021776275454962
